"1","2","3","4","5","6","7","8","9","10"
0,17,11,14,20,26,25,29,28,29
17,0,12,13,11,17,16,30,29,30
11,12,0,9,15,21,20,24,23,24
14,13,9,0,16,22,21,27,26,27
20,11,15,16,0,6,5,33,32,33
26,17,21,22,6,0,1,39,38,39
25,16,20,21,5,1,0,38,37,38
29,30,24,27,33,39,38,0,3,2
28,29,23,26,32,38,37,3,0,3
29,30,24,27,33,39,38,2,3,0
